  0.000000  0.000000  0.000000  0.000000  0.000000  0.000000  0.000000  0.000000  0.000000  0.000000  0.000000  0.000000  0.000000  0.000000  0.000000  0.000000  0.000000  0.000000  0.000000  0.000000  0.000000  0.000000
  0.000000  0.000625  0.001875  0.003125  0.004375  0.005625  0.006875  0.008125  0.009375  0.010625  0.011875  0.013125  0.014375  0.015625  0.016875  0.018125  0.019375  0.020625  0.021875  0.023125  0.024375  0.025000
  0.000000  0.001875  0.005625  0.009375  0.013125  0.016875  0.020625  0.024375  0.028125  0.031875  0.035625  0.039375  0.043125  0.046875  0.050625  0.054375  0.058125  0.061875  0.065625  0.069375  0.073125  0.075000
  0.000000  0.003125  0.009375  0.015625  0.021875  0.028125  0.034375  0.040625  0.046875  0.053125  0.059375  0.065625  0.071875  0.078125  0.084375  0.090625  0.096875  0.103125  0.109375  0.115625  0.121875  0.125000
  0.000000  0.004375  0.013125  0.021875  0.030625  0.039375  0.048125  0.056875  0.065625  0.074375  0.083125  0.091875  0.100625  0.109375  0.118125  0.126875  0.135625  0.144375  0.153125  0.161875  0.170625  0.175000
  0.000000  0.005625  0.016875  0.028125  0.039375  0.050625  0.061875  0.073125  0.084375  0.095625  0.106875  0.118125  0.129375  0.140625  0.151875  0.163125  0.174375  0.185625  0.196875  0.208125  0.219375  0.225000
  0.000000  0.006875  0.020625  0.034375  0.048125  0.061875  0.075625  0.089375  0.103125  0.116875  0.130625  0.144375  0.158125  0.171875  0.185625  0.199375  0.213125  0.226875  0.240625  0.254375  0.268125  0.275000
  0.000000  0.008125  0.024375  0.040625  0.056875  0.073125  0.089375  0.105625  0.121875  0.138125  0.154375  0.170625  0.186875  0.203125  0.219375  0.235625  0.251875  0.268125  0.284375  0.300625  0.316875  0.325000
  0.000000  0.009375  0.028125  0.046875  0.065625  0.084375  0.103125  0.121875  0.140625  0.159375  0.178125  0.196875  0.215625  0.234375  0.253125  0.271875  0.290625  0.309375  0.328125  0.346875  0.365625  0.375000
  0.000000  0.010625  0.031875  0.053125  0.074375  0.095625  0.116875  0.138125  0.159375  0.180625  0.201875  0.223125  0.244375  0.265625  0.286875  0.308125  0.329375  0.350625  0.371875  0.393125  0.414375  0.425000
  0.000000  0.011875  0.035625  0.059375  0.083125  0.106875  0.130625  0.154375  0.178125  0.201875  0.225625  0.249375  0.273125  0.296875  0.320625  0.344375  0.368125  0.391875  0.415625  0.439375  0.463125  0.475000
  0.000000  0.013125  0.039375  0.065625  0.091875  0.118125  0.144375  0.170625  0.196875  0.223125  0.249375  0.275625  0.301875  0.328125  0.354375  0.380625  0.406875  0.433125  0.459375  0.485625  0.511875  0.525000
  0.000000  0.014375  0.043125  0.071875  0.100625  0.129375  0.158125  0.186875  0.215625  0.244375  0.273125  0.301875  0.330625  0.359375  0.388125  0.416875  0.445625  0.474375  0.503125  0.531875  0.560625  0.575000
  0.000000  0.015625  0.046875  0.078125  0.109375  0.140625  0.171875  0.203125  0.234375  0.265625  0.296875  0.328125  0.359375  0.390625  0.421875  0.453125  0.484375  0.515625  0.546875  0.578125  0.609375  0.625000
  0.000000  0.016875  0.050625  0.084375  0.118125  0.151875  0.185625  0.219375  0.253125  0.286875  0.320625  0.354375  0.388125  0.421875  0.455625  0.489375  0.523125  0.556875  0.590625  0.624375  0.658125  0.675000
  0.000000  0.018125  0.054375  0.090625  0.126875  0.163125  0.199375  0.235625  0.271875  0.308125  0.344375  0.380625  0.416875  0.453125  0.489375  0.525625  0.561875  0.598125  0.634375  0.670625  0.706875  0.725000
  0.000000  0.019375  0.058125  0.096875  0.135625  0.174375  0.213125  0.251875  0.290625  0.329375  0.368125  0.406875  0.445625  0.484375  0.523125  0.561875  0.600625  0.639375  0.678125  0.716875  0.755625  0.775000
  0.000000  0.020625  0.061875  0.103125  0.144375  0.185625  0.226875  0.268125  0.309375  0.350625  0.391875  0.433125  0.474375  0.515625  0.556875  0.598125  0.639375  0.680625  0.721875  0.763125  0.804375  0.825000
  0.000000  0.021875  0.065625  0.109375  0.153125  0.196875  0.240625  0.284375  0.328125  0.371875  0.415625  0.459375  0.503125  0.546875  0.590625  0.634375  0.678125  0.721875  0.765625  0.809375  0.853125  0.875000
  0.000000  0.023125  0.069375  0.115625  0.161875  0.208125  0.254375  0.300625  0.346875  0.393125  0.439375  0.485625  0.531875  0.578125  0.624375  0.670625  0.716875  0.763125  0.809375  0.855625  0.901875  0.925000
  0.000000  0.024375  0.073125  0.121875  0.170625  0.219375  0.268125  0.316875  0.365625  0.414375  0.463125  0.511875  0.560625  0.609375  0.658125  0.706875  0.755625  0.804375  0.853125  0.901875  0.950625  0.975000
  0.000000  0.025000  0.075000  0.125000  0.175000  0.225000  0.275000  0.325000  0.375000  0.425000  0.475000  0.525000  0.575000  0.625000  0.675000  0.725000  0.775000  0.825000  0.875000  0.925000  0.975000  1.000000
